3.665191429188091821e+00 0.000000000000000000e+00
3.665191429188091821e+00 4.016792736523248641e-01
3.665191429188091821e+00 8.033585473046497283e-01
3.665191429188091821e+00 1.205037820956974537e+00
3.665191429188091821e+00 1.606717094609299457e+00
3.665191429188091821e+00 2.008396368261624154e+00
3.665191429188091821e+00 2.410075641913949074e+00
3.665191429188091821e+00 2.811754915566273993e+00
3.665191429188091821e+00 3.213434189218598913e+00
3.665191429188091821e+00 3.615113462870923389e+00
3.665191429188091821e+00 4.016792736523248308e+00
3.665191429188091821e+00 4.418472010175572784e+00
3.665191429188091821e+00 4.820151283827898148e+00
3.665191429188091821e+00 5.221830557480222623e+00
3.665191429188091821e+00 5.623509831132547987e+00
3.665191429188091821e+00 6.025189104784872463e+00
3.665191429188091821e+00 6.426868378437197826e+00
3.665191429188091821e+00 6.828547652089522302e+00
3.665191429188091821e+00 7.230226925741846777e+00
3.665191429188091821e+00 7.631906199394172141e+00
3.665191429188091821e+00 8.033585473046496617e+00
3.665191429188091821e+00 8.435264746698821980e+00
3.665191429188091821e+00 8.836944020351145568e+00
3.665191429188091821e+00 9.238623294003470932e+00
3.665191429188091821e+00 9.640302567655796295e+00
3.665191429188091821e+00 1.004198184130812344e+01
3.665191429188091821e+00 1.044366111496044525e+01
3.665191429188091821e+00 1.084534038861277061e+01
3.665191429188091821e+00 1.124701966226509597e+01
3.665191429188091821e+00 1.164869893591742134e+01
3.665191429188091821e+00 1.205037820956974493e+01
3.665191429188091821e+00 1.245205748322206851e+01
3.665191429188091821e+00 1.285373675687439565e+01
3.665191429188091821e+00 1.325541603052672279e+01
3.665191429188091821e+00 1.365709530417904460e+01
3.665191429188091821e+00 1.405877457783136819e+01
3.665191429188091821e+00 1.446045385148369355e+01
3.487010804429356181e+00 1.486257634107634296e+01
2.739493255789712034e+00 1.526617726253551588e+01
1.951578930404430867e+00 1.566998460911355195e+01
1.122204755201255288e+00 1.607400938687868930e+01
2.503076571079346779e-01 1.647826288776705184e+01
0.000000000000000000e+00 1.688087850549506896e+01
