7.644542123735162953e+00 0.000000000000000000e+00
7.644542123735162953e+00 4.014117478625898738e-01
7.644542123735162953e+00 8.028234957251797477e-01
7.644542123735162953e+00 1.204235243587769455e+00
7.644542123735162953e+00 1.605646991450359495e+00
7.644542123735162953e+00 2.007058739312948870e+00
7.644542123735162953e+00 2.408470487175538910e+00
7.644542123735162953e+00 2.809882235038128506e+00
7.644542123735162953e+00 3.211293982900718991e+00
7.644542123735162953e+00 3.612705730763308143e+00
7.644542123735162953e+00 4.014117478625897739e+00
7.644542123735162953e+00 4.415529226488487780e+00
7.644542123735162953e+00 4.816940974351077820e+00
7.644542123735162953e+00 5.218352722213667860e+00
7.644542123735162953e+00 5.619764470076257012e+00
7.644542123735162953e+00 6.021176217938847053e+00
7.644542123735162953e+00 6.422587965801437981e+00
7.644542123735162953e+00 6.823999713664027134e+00
7.644542123735162953e+00 7.225411461526616286e+00
7.644542123735162953e+00 7.626823209389206326e+00
7.644542123735162953e+00 8.028234957251795478e+00
7.644542123735162953e+00 8.429646705114386407e+00
7.644542123735162953e+00 8.831058452976975559e+00
7.644542123735162953e+00 9.232470200839566488e+00
7.644542123735162953e+00 9.633881948702155640e+00
7.644542123735162953e+00 1.003529369656474657e+01
7.644542123735162953e+00 1.043670544442733572e+01
7.644542123735162953e+00 1.083811719228992487e+01
7.644542123735162953e+00 1.123952894015251402e+01
7.644542123735162953e+00 1.164094068801510495e+01
7.644542123735162953e+00 1.204235243587769411e+01
7.644542123735162953e+00 1.244376418374028148e+01
7.644542123735162953e+00 1.284517593160287596e+01
7.644542123735162953e+00 1.324658767946546511e+01
7.644542123735162953e+00 1.364799942732805427e+01
7.644542123735162953e+00 1.404941117519064164e+01
7.644542123735162953e+00 1.445082292305323257e+01
7.644542123735162953e+00 1.485223467091582528e+01
7.644542123735162953e+00 1.525364641877841265e+01
7.644542123735162953e+00 1.565505816664100180e+01
7.644542123735162953e+00 1.605646991450359096e+01
7.644542123735162953e+00 1.645788166236618366e+01
7.644542123735162953e+00 1.685929341022877281e+01
7.644542123735162953e+00 1.726070515809136197e+01
7.644542123735162953e+00 1.766211690595395112e+01
7.644542123735162953e+00 1.806352865381654027e+01
7.644542123735162953e+00 1.846494040167913298e+01
7.644542123735162953e+00 1.886635214954171857e+01
7.644542123735162953e+00 1.926776389740431128e+01
7.644542123735162953e+00 1.966917564526690043e+01
7.644542123735162953e+00 2.007058739312949314e+01
7.644542123735162953e+00 2.047199914099207874e+01
7.644542123735162953e+00 2.087341088885467144e+01
7.644542123735162953e+00 2.127482263671726059e+01
7.644542123735162953e+00 2.167623438457984975e+01
7.644542123735162953e+00 2.207764613244243890e+01
7.644542123735162953e+00 2.247905788030502805e+01
7.644542123735162953e+00 2.288046962816762075e+01
7.644542123735162953e+00 2.328188137603020991e+01
7.644542123735162953e+00 2.368329312389279906e+01
7.644542123735162953e+00 2.408470487175538821e+01
7.644542123735162953e+00 2.448611661961798092e+01
7.644542123735162953e+00 2.488752836748056296e+01
7.644542123735162953e+00 2.528894011534315567e+01
7.644542123735162953e+00 2.569035186320575193e+01
7.644542123735162953e+00 2.609176361106834108e+01
7.644542123735162953e+00 2.649317535893093023e+01
7.644542123735162953e+00 2.689458710679351583e+01
7.644542123735162953e+00 2.729599885465610853e+01
7.644542123735162953e+00 2.769741060251869769e+01
7.644542123735162953e+00 2.809882235038128329e+01
7.644542123735162953e+00 2.850023409824387244e+01
7.644542123735162953e+00 2.890164584610646514e+01
7.644542123735162953e+00 2.930305759396906140e+01
7.644542123735162953e+00 2.970446934183165055e+01
7.644542123735162953e+00 3.010588108969423615e+01
7.644542123735162953e+00 3.050729283755682530e+01
7.644542123735162953e+00 3.090870458541941801e+01
7.625562560380025445e+00 3.131021585881397584e+01
7.604461617822378727e+00 3.171174095090830392e+01
7.583357519893063170e+00 3.211326889714539590e+01
7.562250497361065804e+00 3.251479969689842875e+01
7.541140779211362499e+00 3.291633334950574152e+01
7.520028592640583653e+00 3.331786985423446623e+01
7.498914163052858406e+00 3.371940921031075789e+01
7.477797714055844480e+00 3.412095141691317224e+01
7.456679467456946320e+00 3.452249647316293135e+01
7.435559643259707308e+00 3.492404437813474516e+01
7.414438459660411596e+00 3.532559513085752911e+01
7.393316133044818272e+00 3.572714873031246441e+01
7.372192877985132675e+00 3.612870517543086635e+01
7.351068907237102934e+00 3.653026446510295955e+01
7.329944431737334121e+00 3.693182659815354896e+01
7.308819660600748946e+00 3.700000000000000000e+01
7.287694801118243859e+00 3.700000000000000000e+01
7.266570058754520112e+00 3.700000000000000000e+01
7.245445637146051610e+00 3.700000000000000000e+01
7.224321738099278356e+00 3.700000000000000000e+01
7.203198561588911808e+00 3.700000000000000000e+01
7.182076305756457835e+00 3.700000000000000000e+01
7.160955166908870240e+00 3.700000000000000000e+01
7.139835339517380142e+00 3.700000000000000000e+01
7.118717016216505655e+00 3.700000000000000000e+01
7.097600387803193911e+00 3.700000000000000000e+01
7.076485643236137157e+00 3.700000000000000000e+01
7.055372969635248737e+00 3.700000000000000000e+01
7.034262552281310477e+00 3.700000000000000000e+01
7.013154574615730219e+00 3.700000000000000000e+01
6.992049218240504516e+00 3.700000000000000000e+01
6.970946662918300341e+00 3.700000000000000000e+01
6.949847086572709998e+00 3.700000000000000000e+01
6.928750665288626820e+00 3.700000000000000000e+01
6.907657573312788735e+00 3.700000000000000000e+01
6.886567983054479924e+00 3.700000000000000000e+01
6.865482065086324859e+00 3.700000000000000000e+01
6.844399988145294600e+00 3.700000000000000000e+01
6.823321919133791269e+00 3.700000000000000000e+01
6.802248023120903042e+00 3.700000000000000000e+01
6.781178463343797702e+00 3.700000000000000000e+01
6.760113401209234318e+00 3.700000000000000000e+01
6.739052996295217923e+00 3.700000000000000000e+01
6.717997406352789191e+00 3.700000000000000000e+01
6.696946787307927806e+00 3.700000000000000000e+01
6.675901293263618363e+00 3.700000000000000000e+01
6.654861076501991768e+00 3.700000000000000000e+01
6.633826287486627393e+00 3.700000000000000000e+01
6.612797074864981361e+00 3.700000000000000000e+01
6.591773585470900088e+00 3.700000000000000000e+01
6.570755964327301690e+00 3.700000000000000000e+01
6.549744354648910694e+00 3.700000000000000000e+01
6.528738897845180134e+00 3.700000000000000000e+01
6.507739733523274950e+00 3.700000000000000000e+01
6.486746999491176169e+00 3.700000000000000000e+01
6.465760831760916538e+00 3.700000000000000000e+01
6.444781364551895209e+00 3.700000000000000000e+01
6.423808730294315872e+00 3.700000000000000000e+01
6.402843059632732370e+00 3.700000000000000000e+01
6.381884481429676903e+00 3.700000000000000000e+01
6.360933122769394821e+00 3.700000000000000000e+01
6.339989108961697539e+00 3.700000000000000000e+01
6.319052563545892731e+00 3.700000000000000000e+01
6.298123608294805109e+00 3.700000000000000000e+01
6.277202363218895798e+00 3.700000000000000000e+01
6.256288946570492726e+00 3.700000000000000000e+01
6.235383474848067209e+00 3.700000000000000000e+01
6.214486062800635757e+00 3.700000000000000000e+01
6.193596823432232945e+00 3.700000000000000000e+01
6.172715868006457107e+00 3.700000000000000000e+01
6.151843306051122617e+00 3.700000000000000000e+01
6.130979245362961016e+00 3.700000000000000000e+01
6.130979245362961016e+00 3.700000000000000000e+01
6.069050162076466748e+00 3.700000000000000000e+01
6.007121078789972479e+00 3.700000000000000000e+01
5.945191995503477322e+00 3.700000000000000000e+01
5.883262912216983054e+00 3.700000000000000000e+01
5.821333828930488785e+00 3.700000000000000000e+01
5.759404745643993628e+00 3.700000000000000000e+01
5.697475662357498472e+00 3.700000000000000000e+01
5.635546579071004203e+00 3.700000000000000000e+01
5.573617495784509934e+00 3.700000000000000000e+01
5.511688412498015666e+00 3.700000000000000000e+01
5.449759329211520509e+00 3.700000000000000000e+01
5.387830245925026240e+00 3.700000000000000000e+01
5.325901162638531972e+00 3.700000000000000000e+01
5.263972079352036815e+00 3.700000000000000000e+01
5.202042996065543434e+00 3.700000000000000000e+01
5.140113912779048277e+00 3.700000000000000000e+01
5.078184829492554009e+00 3.700000000000000000e+01
5.016255746206058852e+00 3.700000000000000000e+01
4.954326662919563695e+00 3.700000000000000000e+01
4.892397579633069427e+00 3.700000000000000000e+01
4.830468496346575158e+00 3.700000000000000000e+01
4.768539413060080001e+00 3.700000000000000000e+01
4.706610329773586621e+00 3.700000000000000000e+01
4.644681246487091464e+00 3.700000000000000000e+01
4.582752163200597195e+00 3.700000000000000000e+01
4.520823079914102927e+00 3.700000000000000000e+01
4.458893996627607770e+00 3.700000000000000000e+01
4.396964913341113501e+00 3.700000000000000000e+01
4.335035830054619232e+00 3.700000000000000000e+01
4.273106746768124964e+00 3.700000000000000000e+01
4.211177663481629807e+00 3.700000000000000000e+01
4.149248580195134650e+00 3.700000000000000000e+01
4.087319496908640382e+00 3.700000000000000000e+01
4.025390413622146113e+00 3.700000000000000000e+01
3.963461330335651844e+00 3.700000000000000000e+01
3.901532247049156688e+00 3.700000000000000000e+01
3.839603163762661975e+00 3.700000000000000000e+01
3.777674080476168150e+00 3.700000000000000000e+01
3.715744997189673438e+00 3.700000000000000000e+01
3.653815913903179169e+00 3.700000000000000000e+01
3.591886830616684456e+00 3.700000000000000000e+01
3.529957747330189743e+00 3.700000000000000000e+01
3.468028664043695031e+00 3.700000000000000000e+01
3.406099580757200762e+00 3.700000000000000000e+01
3.344170497470706049e+00 3.700000000000000000e+01
3.282241414184211781e+00 3.700000000000000000e+01
3.220312330897717068e+00 3.700000000000000000e+01
3.158383247611222355e+00 3.700000000000000000e+01
3.096454164324727643e+00 3.700000000000000000e+01
3.034525081038233374e+00 3.700000000000000000e+01
2.972595997751738661e+00 3.700000000000000000e+01
2.910666914465244393e+00 3.700000000000000000e+01
2.848737831178750124e+00 3.700000000000000000e+01
2.786808747892255411e+00 3.700000000000000000e+01
2.724879664605760254e+00 3.700000000000000000e+01
2.662950581319265986e+00 3.700000000000000000e+01
2.601021498032771717e+00 3.700000000000000000e+01
2.539092414746277004e+00 3.700000000000000000e+01
2.477163331459782292e+00 3.700000000000000000e+01
2.415234248173288023e+00 3.700000000000000000e+01
2.353305164886793310e+00 3.700000000000000000e+01
2.291376081600298598e+00 3.700000000000000000e+01
2.229446998313803885e+00 3.700000000000000000e+01
2.167517915027309616e+00 3.700000000000000000e+01
2.105588831740815348e+00 3.700000000000000000e+01
2.043659748454320635e+00 3.700000000000000000e+01
1.981730665167825922e+00 3.700000000000000000e+01
1.919801581881330987e+00 3.700000000000000000e+01
1.857872498594836719e+00 3.700000000000000000e+01
1.795943415308342672e+00 3.700000000000000000e+01
1.734014332021847293e+00 3.700000000000000000e+01
1.672085248735352803e+00 3.700000000000000000e+01
1.610156165448858312e+00 3.700000000000000000e+01
1.548227082162363821e+00 3.700000000000000000e+01
1.486297998875869331e+00 3.700000000000000000e+01
1.424368915589375062e+00 3.700000000000000000e+01
1.362439832302880349e+00 3.700000000000000000e+01
1.300510749016386081e+00 3.700000000000000000e+01
1.238581665729891368e+00 3.700000000000000000e+01
1.176652582443396877e+00 3.700000000000000000e+01
1.114723499156902609e+00 3.700000000000000000e+01
1.052794415870407896e+00 3.700000000000000000e+01
9.908653325839135162e-01 3.700000000000000000e+01
9.289362492974182484e-01 3.700000000000000000e+01
8.670071660109236467e-01 3.700000000000000000e+01
8.050780827244291560e-01 3.700000000000000000e+01
7.431489994379346653e-01 3.700000000000000000e+01
6.812199161514401746e-01 3.700000000000000000e+01
6.192908328649456839e-01 3.700000000000000000e+01
5.573617495784513043e-01 3.700000000000000000e+01
4.954326662919567581e-01 3.700000000000000000e+01
4.335035830054622674e-01 3.700000000000000000e+01
3.715744997189678323e-01 3.700000000000000000e+01
3.096454164324733416e-01 3.700000000000000000e+01
2.477163331459788509e-01 3.700000000000000000e+01
1.857872498594834443e-01 3.700000000000000000e+01
1.238581665729889675e-01 3.700000000000000000e+01
6.192908328649448374e-02 3.700000000000000000e+01
0.000000000000000000e+00 3.700000000000000000e+01
